{
 "cells": [
  {
   "cell_type": "code",
   "execution_count": 15,
   "id": "80fdfe6e",
   "metadata": {},
   "outputs": [],
   "source": [
    "import pandas as pd\n",
    "import plotly.express as px # for visualization\n",
    "import plotly.graph_objects as go # for visualization\n",
    "pd.set_option('display.max_columns', None)\n",
    "\n",
    "data = pd.read_excel('nba_players_dataset.xlsx', )"
   ]
  },
  {
   "cell_type": "code",
   "execution_count": 16,
   "id": "48a7c328",
   "metadata": {},
   "outputs": [
    {
     "data": {
      "text/html": [
       "<div>\n",
       "<style scoped>\n",
       "    .dataframe tbody tr th:only-of-type {\n",
       "        vertical-align: middle;\n",
       "    }\n",
       "\n",
       "    .dataframe tbody tr th {\n",
       "        vertical-align: top;\n",
       "    }\n",
       "\n",
       "    .dataframe thead th {\n",
       "        text-align: right;\n",
       "    }\n",
       "</style>\n",
       "<table border=\"1\" class=\"dataframe\">\n",
       "  <thead>\n",
       "    <tr style=\"text-align: right;\">\n",
       "      <th></th>\n",
       "      <th>Year</th>\n",
       "      <th>Season_type</th>\n",
       "      <th>PLAYER_ID</th>\n",
       "      <th>RANK</th>\n",
       "      <th>PLAYER</th>\n",
       "      <th>TEAM_ID</th>\n",
       "      <th>TEAM</th>\n",
       "      <th>GP</th>\n",
       "      <th>MIN</th>\n",
       "      <th>FGM</th>\n",
       "      <th>FGA</th>\n",
       "      <th>FG_PCT</th>\n",
       "      <th>FG3M</th>\n",
       "      <th>FG3A</th>\n",
       "      <th>FG3_PCT</th>\n",
       "      <th>FTM</th>\n",
       "      <th>FTA</th>\n",
       "      <th>FT_PCT</th>\n",
       "      <th>OREB</th>\n",
       "      <th>DREB</th>\n",
       "      <th>REB</th>\n",
       "      <th>AST</th>\n",
       "      <th>STL</th>\n",
       "      <th>BLK</th>\n",
       "      <th>TOV</th>\n",
       "      <th>PF</th>\n",
       "      <th>PTS</th>\n",
       "      <th>EFF</th>\n",
       "      <th>AST_TOV</th>\n",
       "      <th>STL_TOV</th>\n",
       "    </tr>\n",
       "  </thead>\n",
       "  <tbody>\n",
       "    <tr>\n",
       "      <th>4001</th>\n",
       "      <td>2017-18</td>\n",
       "      <td>Playoffs</td>\n",
       "      <td>101108</td>\n",
       "      <td>8</td>\n",
       "      <td>Chris Paul</td>\n",
       "      <td>1610612745</td>\n",
       "      <td>HOU</td>\n",
       "      <td>15</td>\n",
       "      <td>517</td>\n",
       "      <td>118</td>\n",
       "      <td>257</td>\n",
       "      <td>0.459</td>\n",
       "      <td>37</td>\n",
       "      <td>99</td>\n",
       "      <td>0.374</td>\n",
       "      <td>44</td>\n",
       "      <td>53</td>\n",
       "      <td>0.830</td>\n",
       "      <td>9</td>\n",
       "      <td>80</td>\n",
       "      <td>89</td>\n",
       "      <td>87</td>\n",
       "      <td>30</td>\n",
       "      <td>4</td>\n",
       "      <td>28</td>\n",
       "      <td>47</td>\n",
       "      <td>317</td>\n",
       "      <td>351</td>\n",
       "      <td>3.11</td>\n",
       "      <td>1.07</td>\n",
       "    </tr>\n",
       "    <tr>\n",
       "      <th>3188</th>\n",
       "      <td>2016-17</td>\n",
       "      <td>Regular%20Season</td>\n",
       "      <td>2617</td>\n",
       "      <td>435</td>\n",
       "      <td>Udonis Haslem</td>\n",
       "      <td>1610612748</td>\n",
       "      <td>MIA</td>\n",
       "      <td>16</td>\n",
       "      <td>130</td>\n",
       "      <td>11</td>\n",
       "      <td>23</td>\n",
       "      <td>0.478</td>\n",
       "      <td>0</td>\n",
       "      <td>3</td>\n",
       "      <td>0.000</td>\n",
       "      <td>9</td>\n",
       "      <td>15</td>\n",
       "      <td>0.600</td>\n",
       "      <td>8</td>\n",
       "      <td>28</td>\n",
       "      <td>36</td>\n",
       "      <td>6</td>\n",
       "      <td>6</td>\n",
       "      <td>1</td>\n",
       "      <td>8</td>\n",
       "      <td>22</td>\n",
       "      <td>31</td>\n",
       "      <td>54</td>\n",
       "      <td>0.75</td>\n",
       "      <td>0.75</td>\n",
       "    </tr>\n",
       "    <tr>\n",
       "      <th>5728</th>\n",
       "      <td>2020-21</td>\n",
       "      <td>Regular%20Season</td>\n",
       "      <td>1629630</td>\n",
       "      <td>37</td>\n",
       "      <td>Ja Morant</td>\n",
       "      <td>1610612763</td>\n",
       "      <td>MEM</td>\n",
       "      <td>63</td>\n",
       "      <td>2053</td>\n",
       "      <td>430</td>\n",
       "      <td>957</td>\n",
       "      <td>0.449</td>\n",
       "      <td>73</td>\n",
       "      <td>241</td>\n",
       "      <td>0.303</td>\n",
       "      <td>271</td>\n",
       "      <td>372</td>\n",
       "      <td>0.728</td>\n",
       "      <td>59</td>\n",
       "      <td>193</td>\n",
       "      <td>252</td>\n",
       "      <td>465</td>\n",
       "      <td>57</td>\n",
       "      <td>13</td>\n",
       "      <td>203</td>\n",
       "      <td>87</td>\n",
       "      <td>1204</td>\n",
       "      <td>1160</td>\n",
       "      <td>2.29</td>\n",
       "      <td>0.28</td>\n",
       "    </tr>\n",
       "    <tr>\n",
       "      <th>186</th>\n",
       "      <td>2012-13</td>\n",
       "      <td>Regular%20Season</td>\n",
       "      <td>203148</td>\n",
       "      <td>186</td>\n",
       "      <td>Brian Roberts</td>\n",
       "      <td>1610612740</td>\n",
       "      <td>NOH</td>\n",
       "      <td>78</td>\n",
       "      <td>1324</td>\n",
       "      <td>213</td>\n",
       "      <td>511</td>\n",
       "      <td>0.417</td>\n",
       "      <td>59</td>\n",
       "      <td>153</td>\n",
       "      <td>0.386</td>\n",
       "      <td>70</td>\n",
       "      <td>77</td>\n",
       "      <td>0.909</td>\n",
       "      <td>17</td>\n",
       "      <td>80</td>\n",
       "      <td>97</td>\n",
       "      <td>219</td>\n",
       "      <td>37</td>\n",
       "      <td>3</td>\n",
       "      <td>71</td>\n",
       "      <td>108</td>\n",
       "      <td>555</td>\n",
       "      <td>535</td>\n",
       "      <td>3.08</td>\n",
       "      <td>0.52</td>\n",
       "    </tr>\n",
       "    <tr>\n",
       "      <th>4211</th>\n",
       "      <td>2018-19</td>\n",
       "      <td>Regular%20Season</td>\n",
       "      <td>201939</td>\n",
       "      <td>8</td>\n",
       "      <td>Stephen Curry</td>\n",
       "      <td>1610612744</td>\n",
       "      <td>GSW</td>\n",
       "      <td>69</td>\n",
       "      <td>2331</td>\n",
       "      <td>632</td>\n",
       "      <td>1340</td>\n",
       "      <td>0.472</td>\n",
       "      <td>354</td>\n",
       "      <td>810</td>\n",
       "      <td>0.437</td>\n",
       "      <td>263</td>\n",
       "      <td>287</td>\n",
       "      <td>0.916</td>\n",
       "      <td>45</td>\n",
       "      <td>324</td>\n",
       "      <td>369</td>\n",
       "      <td>361</td>\n",
       "      <td>92</td>\n",
       "      <td>25</td>\n",
       "      <td>192</td>\n",
       "      <td>166</td>\n",
       "      <td>1881</td>\n",
       "      <td>1804</td>\n",
       "      <td>1.88</td>\n",
       "      <td>0.48</td>\n",
       "    </tr>\n",
       "    <tr>\n",
       "      <th>3875</th>\n",
       "      <td>2017-18</td>\n",
       "      <td>Regular%20Season</td>\n",
       "      <td>1627884</td>\n",
       "      <td>421</td>\n",
       "      <td>Derrick Jones Jr.</td>\n",
       "      <td>1610612748</td>\n",
       "      <td>MIA</td>\n",
       "      <td>20</td>\n",
       "      <td>245</td>\n",
       "      <td>21</td>\n",
       "      <td>53</td>\n",
       "      <td>0.396</td>\n",
       "      <td>3</td>\n",
       "      <td>18</td>\n",
       "      <td>0.167</td>\n",
       "      <td>16</td>\n",
       "      <td>24</td>\n",
       "      <td>0.667</td>\n",
       "      <td>21</td>\n",
       "      <td>17</td>\n",
       "      <td>38</td>\n",
       "      <td>9</td>\n",
       "      <td>4</td>\n",
       "      <td>13</td>\n",
       "      <td>7</td>\n",
       "      <td>24</td>\n",
       "      <td>61</td>\n",
       "      <td>78</td>\n",
       "      <td>1.29</td>\n",
       "      <td>0.57</td>\n",
       "    </tr>\n",
       "    <tr>\n",
       "      <th>5439</th>\n",
       "      <td>2019-20</td>\n",
       "      <td>Regular%20Season</td>\n",
       "      <td>1629621</td>\n",
       "      <td>493</td>\n",
       "      <td>Marial Shayok</td>\n",
       "      <td>1610612755</td>\n",
       "      <td>PHI</td>\n",
       "      <td>4</td>\n",
       "      <td>28</td>\n",
       "      <td>3</td>\n",
       "      <td>12</td>\n",
       "      <td>0.250</td>\n",
       "      <td>2</td>\n",
       "      <td>6</td>\n",
       "      <td>0.333</td>\n",
       "      <td>3</td>\n",
       "      <td>4</td>\n",
       "      <td>0.750</td>\n",
       "      <td>1</td>\n",
       "      <td>6</td>\n",
       "      <td>7</td>\n",
       "      <td>1</td>\n",
       "      <td>0</td>\n",
       "      <td>1</td>\n",
       "      <td>3</td>\n",
       "      <td>4</td>\n",
       "      <td>11</td>\n",
       "      <td>7</td>\n",
       "      <td>0.33</td>\n",
       "      <td>0.00</td>\n",
       "    </tr>\n",
       "    <tr>\n",
       "      <th>2153</th>\n",
       "      <td>2015-16</td>\n",
       "      <td>Regular%20Season</td>\n",
       "      <td>101114</td>\n",
       "      <td>92</td>\n",
       "      <td>Deron Williams</td>\n",
       "      <td>1610612742</td>\n",
       "      <td>DAL</td>\n",
       "      <td>65</td>\n",
       "      <td>2106</td>\n",
       "      <td>321</td>\n",
       "      <td>775</td>\n",
       "      <td>0.414</td>\n",
       "      <td>97</td>\n",
       "      <td>282</td>\n",
       "      <td>0.344</td>\n",
       "      <td>179</td>\n",
       "      <td>206</td>\n",
       "      <td>0.869</td>\n",
       "      <td>19</td>\n",
       "      <td>171</td>\n",
       "      <td>190</td>\n",
       "      <td>378</td>\n",
       "      <td>61</td>\n",
       "      <td>14</td>\n",
       "      <td>150</td>\n",
       "      <td>155</td>\n",
       "      <td>918</td>\n",
       "      <td>930</td>\n",
       "      <td>2.52</td>\n",
       "      <td>0.41</td>\n",
       "    </tr>\n",
       "    <tr>\n",
       "      <th>7287</th>\n",
       "      <td>2021-22</td>\n",
       "      <td>Playoffs</td>\n",
       "      <td>1630215</td>\n",
       "      <td>206</td>\n",
       "      <td>Jared Butler</td>\n",
       "      <td>1610612762</td>\n",
       "      <td>UTA</td>\n",
       "      <td>1</td>\n",
       "      <td>5</td>\n",
       "      <td>0</td>\n",
       "      <td>2</td>\n",
       "      <td>0.000</td>\n",
       "      <td>0</td>\n",
       "      <td>0</td>\n",
       "      <td>0.000</td>\n",
       "      <td>0</td>\n",
       "      <td>0</td>\n",
       "      <td>0.000</td>\n",
       "      <td>0</td>\n",
       "      <td>1</td>\n",
       "      <td>1</td>\n",
       "      <td>0</td>\n",
       "      <td>0</td>\n",
       "      <td>0</td>\n",
       "      <td>0</td>\n",
       "      <td>0</td>\n",
       "      <td>0</td>\n",
       "      <td>-1</td>\n",
       "      <td>0.00</td>\n",
       "      <td>0.00</td>\n",
       "    </tr>\n",
       "    <tr>\n",
       "      <th>1154</th>\n",
       "      <td>2013-14</td>\n",
       "      <td>Regular%20Season</td>\n",
       "      <td>202354</td>\n",
       "      <td>475</td>\n",
       "      <td>Dexter Pittman</td>\n",
       "      <td>1610612737</td>\n",
       "      <td>ATL</td>\n",
       "      <td>2</td>\n",
       "      <td>3</td>\n",
       "      <td>0</td>\n",
       "      <td>1</td>\n",
       "      <td>0.000</td>\n",
       "      <td>0</td>\n",
       "      <td>0</td>\n",
       "      <td>0.000</td>\n",
       "      <td>0</td>\n",
       "      <td>2</td>\n",
       "      <td>0.000</td>\n",
       "      <td>3</td>\n",
       "      <td>0</td>\n",
       "      <td>3</td>\n",
       "      <td>0</td>\n",
       "      <td>0</td>\n",
       "      <td>0</td>\n",
       "      <td>0</td>\n",
       "      <td>0</td>\n",
       "      <td>0</td>\n",
       "      <td>0</td>\n",
       "      <td>0.00</td>\n",
       "      <td>0.00</td>\n",
       "    </tr>\n",
       "  </tbody>\n",
       "</table>\n",
       "</div>"
      ],
      "text/plain": [
       "         Year       Season_type  PLAYER_ID  RANK             PLAYER  \\\n",
       "4001  2017-18          Playoffs     101108     8         Chris Paul   \n",
       "3188  2016-17  Regular%20Season       2617   435      Udonis Haslem   \n",
       "5728  2020-21  Regular%20Season    1629630    37          Ja Morant   \n",
       "186   2012-13  Regular%20Season     203148   186      Brian Roberts   \n",
       "4211  2018-19  Regular%20Season     201939     8      Stephen Curry   \n",
       "3875  2017-18  Regular%20Season    1627884   421  Derrick Jones Jr.   \n",
       "5439  2019-20  Regular%20Season    1629621   493      Marial Shayok   \n",
       "2153  2015-16  Regular%20Season     101114    92     Deron Williams   \n",
       "7287  2021-22          Playoffs    1630215   206       Jared Butler   \n",
       "1154  2013-14  Regular%20Season     202354   475     Dexter Pittman   \n",
       "\n",
       "         TEAM_ID TEAM  GP   MIN  FGM   FGA  FG_PCT  FG3M  FG3A  FG3_PCT  FTM  \\\n",
       "4001  1610612745  HOU  15   517  118   257   0.459    37    99    0.374   44   \n",
       "3188  1610612748  MIA  16   130   11    23   0.478     0     3    0.000    9   \n",
       "5728  1610612763  MEM  63  2053  430   957   0.449    73   241    0.303  271   \n",
       "186   1610612740  NOH  78  1324  213   511   0.417    59   153    0.386   70   \n",
       "4211  1610612744  GSW  69  2331  632  1340   0.472   354   810    0.437  263   \n",
       "3875  1610612748  MIA  20   245   21    53   0.396     3    18    0.167   16   \n",
       "5439  1610612755  PHI   4    28    3    12   0.250     2     6    0.333    3   \n",
       "2153  1610612742  DAL  65  2106  321   775   0.414    97   282    0.344  179   \n",
       "7287  1610612762  UTA   1     5    0     2   0.000     0     0    0.000    0   \n",
       "1154  1610612737  ATL   2     3    0     1   0.000     0     0    0.000    0   \n",
       "\n",
       "      FTA  FT_PCT  OREB  DREB  REB  AST  STL  BLK  TOV   PF   PTS   EFF  \\\n",
       "4001   53   0.830     9    80   89   87   30    4   28   47   317   351   \n",
       "3188   15   0.600     8    28   36    6    6    1    8   22    31    54   \n",
       "5728  372   0.728    59   193  252  465   57   13  203   87  1204  1160   \n",
       "186    77   0.909    17    80   97  219   37    3   71  108   555   535   \n",
       "4211  287   0.916    45   324  369  361   92   25  192  166  1881  1804   \n",
       "3875   24   0.667    21    17   38    9    4   13    7   24    61    78   \n",
       "5439    4   0.750     1     6    7    1    0    1    3    4    11     7   \n",
       "2153  206   0.869    19   171  190  378   61   14  150  155   918   930   \n",
       "7287    0   0.000     0     1    1    0    0    0    0    0     0    -1   \n",
       "1154    2   0.000     3     0    3    0    0    0    0    0     0     0   \n",
       "\n",
       "      AST_TOV  STL_TOV  \n",
       "4001     3.11     1.07  \n",
       "3188     0.75     0.75  \n",
       "5728     2.29     0.28  \n",
       "186      3.08     0.52  \n",
       "4211     1.88     0.48  \n",
       "3875     1.29     0.57  \n",
       "5439     0.33     0.00  \n",
       "2153     2.52     0.41  \n",
       "7287     0.00     0.00  \n",
       "1154     0.00     0.00  "
      ]
     },
     "execution_count": 16,
     "metadata": {},
     "output_type": "execute_result"
    }
   ],
   "source": [
    "data.sample(10)"
   ]
  },
  {
   "cell_type": "code",
   "execution_count": 17,
   "id": "862f9a70",
   "metadata": {},
   "outputs": [
    {
     "data": {
      "text/plain": [
       "(8049, 30)"
      ]
     },
     "execution_count": 17,
     "metadata": {},
     "output_type": "execute_result"
    }
   ],
   "source": [
    "data.shape # melihat isi dari data"
   ]
  },
  {
   "cell_type": "markdown",
   "id": "ce8641d0",
   "metadata": {},
   "source": [
    "# Data Cleaning & Analysis Preparation"
   ]
  },
  {
   "cell_type": "code",
   "execution_count": 18,
   "id": "ed4c235e",
   "metadata": {},
   "outputs": [
    {
     "data": {
      "text/plain": [
       "Year           0\n",
       "Season_type    0\n",
       "PLAYER_ID      0\n",
       "RANK           0\n",
       "PLAYER         0\n",
       "TEAM_ID        0\n",
       "TEAM           0\n",
       "GP             0\n",
       "MIN            0\n",
       "FGM            0\n",
       "FGA            0\n",
       "FG_PCT         0\n",
       "FG3M           0\n",
       "FG3A           0\n",
       "FG3_PCT        0\n",
       "FTM            0\n",
       "FTA            0\n",
       "FT_PCT         0\n",
       "OREB           0\n",
       "DREB           0\n",
       "REB            0\n",
       "AST            0\n",
       "STL            0\n",
       "BLK            0\n",
       "TOV            0\n",
       "PF             0\n",
       "PTS            0\n",
       "EFF            0\n",
       "AST_TOV        0\n",
       "STL_TOV        0\n",
       "dtype: int64"
      ]
     },
     "execution_count": 18,
     "metadata": {},
     "output_type": "execute_result"
    }
   ],
   "source": [
    "# check null data\n",
    "data.isna().sum()"
   ]
  },
  {
   "cell_type": "code",
   "execution_count": 19,
   "id": "78735a90",
   "metadata": {},
   "outputs": [],
   "source": [
    "# drop kolom RANK dan EFF \n",
    "data.drop(columns=['RANK','EFF'], inplace=True)"
   ]
  },
  {
   "cell_type": "code",
   "execution_count": 20,
   "id": "a89e3e30",
   "metadata": {},
   "outputs": [],
   "source": [
    "# mengambil tahun dan merubah type menjadi integer\n",
    "data['season_start_year'] = data['Year'].str[:4].astype(int)"
   ]
  },
  {
   "cell_type": "code",
   "execution_count": 21,
   "id": "3dead003",
   "metadata": {},
   "outputs": [
    {
     "data": {
      "text/plain": [
       "array(['OKC', 'LAL', 'MIA', 'HOU', 'NYK', 'GSW', 'MIL', 'POR', 'TOR',\n",
       "       'BKN', 'CHA', 'LAC', 'BOS', 'UTA', 'PHI', 'IND', 'SAS', 'ATL',\n",
       "       'CLE', 'NOH', 'DET', 'CHI', 'SAC', 'DAL', 'DEN', 'MEM', 'PHX',\n",
       "       'ORL', 'MIN', 'WAS', 'NOP'], dtype=object)"
      ]
     },
     "execution_count": 21,
     "metadata": {},
     "output_type": "execute_result"
    }
   ],
   "source": [
    "data['TEAM'].unique()"
   ]
  },
  {
   "cell_type": "markdown",
   "id": "f1712553",
   "metadata": {},
   "source": [
    "'NOP' dan 'NOH' adalah inisial team yang sama, sehingga akan disatukan menjadi 'NO'"
   ]
  },
  {
   "cell_type": "code",
   "execution_count": 22,
   "id": "80ed2c89",
   "metadata": {},
   "outputs": [],
   "source": [
    "data['TEAM'].replace(to_replace=['NOP','NOH'], value='NO', inplace=True)"
   ]
  },
  {
   "cell_type": "code",
   "execution_count": 23,
   "id": "cd1f9b85",
   "metadata": {},
   "outputs": [],
   "source": [
    "# mengganti \n",
    "data['Season_type'].replace('Regular%20Season','RS', inplace=True)"
   ]
  },
  {
   "cell_type": "code",
   "execution_count": 24,
   "id": "2507496f",
   "metadata": {},
   "outputs": [],
   "source": [
    "rs_df = data[data['Season_type'] == 'RS']\n",
    "playoffs_df = data[data['Season_type'] == 'Playoffs']"
   ]
  },
  {
   "cell_type": "code",
   "execution_count": 25,
   "id": "1ca1d781",
   "metadata": {},
   "outputs": [
    {
     "data": {
      "text/plain": [
       "Index(['Year', 'Season_type', 'PLAYER_ID', 'PLAYER', 'TEAM_ID', 'TEAM', 'GP',\n",
       "       'MIN', 'FGM', 'FGA', 'FG_PCT', 'FG3M', 'FG3A', 'FG3_PCT', 'FTM', 'FTA',\n",
       "       'FT_PCT', 'OREB', 'DREB', 'REB', 'AST', 'STL', 'BLK', 'TOV', 'PF',\n",
       "       'PTS', 'AST_TOV', 'STL_TOV', 'season_start_year'],\n",
       "      dtype='object')"
      ]
     },
     "execution_count": 25,
     "metadata": {},
     "output_type": "execute_result"
    }
   ],
   "source": [
    "data.columns"
   ]
  },
  {
   "cell_type": "code",
   "execution_count": 26,
   "id": "90cf3900",
   "metadata": {},
   "outputs": [],
   "source": [
    "total_cols = ['MIN', 'FGM', 'FGA', 'FG3M', 'FG3A', 'FTM', 'FTA',\n",
    "              'OREB', 'DREB', 'REB', 'AST', 'STL', 'BLK', 'TOV', 'PF','PTS']"
   ]
  },
  {
   "cell_type": "markdown",
   "id": "83bbfd21",
   "metadata": {},
   "source": [
    "# Which players stats are correlated with each other?"
   ]
  },
  {
   "cell_type": "code",
   "execution_count": 27,
   "id": "751c08d3",
   "metadata": {},
   "outputs": [
    {
     "name": "stderr",
     "output_type": "stream",
     "text": [
      "/var/folders/qp/mf9b4qd92319qqtd1s81n5680000gn/T/ipykernel_16144/2184057149.py:19: FutureWarning:\n",
      "\n",
      "The default value of numeric_only in DataFrame.corr is deprecated. In a future version, it will default to False. Select only valid columns or specify the value of numeric_only to silence this warning.\n",
      "\n"
     ]
    },
    {
     "data": {
      "application/vnd.plotly.v1+json": {
       "config": {
        "plotlyServerURL": "https://plot.ly"
       },
       "data": [
        {
         "coloraxis": "coloraxis",
         "hovertemplate": "x: %{x}<br>y: %{y}<br>color: %{z}<extra></extra>",
         "name": "0",
         "type": "heatmap",
         "x": [
          "MIN",
          "FGM",
          "FGA",
          "FG3M",
          "FG3A",
          "FTM",
          "FTA",
          "OREB",
          "DREB",
          "REB",
          "AST",
          "STL",
          "BLK",
          "TOV",
          "PF",
          "PTS",
          "FG%",
          "3PT%",
          "FT%",
          "FG3A%",
          "PTS/FGA",
          "FG3M/FGM",
          "FTA/FGA",
          "TRU%",
          "AST_TOV"
         ],
         "xaxis": "x",
         "y": [
          "MIN",
          "FGM",
          "FGA",
          "FG3M",
          "FG3A",
          "FTM",
          "FTA",
          "OREB",
          "DREB",
          "REB",
          "AST",
          "STL",
          "BLK",
          "TOV",
          "PF",
          "PTS",
          "FG%",
          "3PT%",
          "FT%",
          "FG3A%",
          "PTS/FGA",
          "FG3M/FGM",
          "FTA/FGA",
          "TRU%",
          "AST_TOV"
         ],
         "yaxis": "y",
         "z": [
          [
           1,
           0.4336398476045761,
           0.3513440298772881,
           0.18018467200510005,
           0.09836460353379588,
           0.34708732429161576,
           0.27811867861588313,
           -0.11006531413699606,
           0.04543132570769159,
           -0.01700378766917185,
           0.24270697400654262,
           0.05283953520132328,
           -0.05469237493124519,
           0.13916520169779834,
           -0.3861256970875328,
           0.4606585739726274,
           0.2085572308382374,
           0.16693132134997005,
           0.25339241176268174,
           -0.026854140225153752,
           0.27213868264663205,
           0.0008182552002869273,
           0.031128879757391974,
           0.3331931409617574,
           0.07476689505065198
          ],
          [
           0.4336398476045761,
           1,
           0.871501218555647,
           0.18525977357931375,
           0.13223971453512007,
           0.617963701233397,
           0.5758410338212229,
           0.07820191269403495,
           0.227993136814549,
           0.1839781458994332,
           0.2255560573007111,
           -0.030691101347312625,
           0.07033161515812858,
           0.39889937461959435,
           -0.19596499837707307,
           0.9572454284402359,
           0.4060863122748143,
           0.12081587679520632,
           0.21880593576392823,
           -0.23051829742673746,
           0.3569354957079015,
           -0.22108397791917747,
           0.05322704574209829,
           0.4230890753016477,
           -0.10086733140632116
          ],
          [
           0.3513440298772881,
           0.871501218555647,
           1,
           0.4146070106853844,
           0.4334117547679117,
           0.5565860924475272,
           0.4693281550571851,
           -0.21514592187529483,
           -0.015370455164116973,
           -0.1020402755502539,
           0.3334118343196333,
           0.020467135637314674,
           -0.17110982465689298,
           0.4218411800393351,
           -0.32557012760740855,
           0.8956871140157864,
           -0.0688782886222418,
           0.16853337305761845,
           0.32117555411995785,
           0.04636544861262473,
           -0.02425840125201826,
           0.03671306384304162,
           -0.12187927987373169,
           0.04076269639011539,
           0.012372220377567838
          ],
          [
           0.18018467200510005,
           0.18525977357931375,
           0.4146070106853844,
           1,
           0.9574096286155336,
           -0.022364667975317783,
           -0.16279416949804948,
           -0.6172189522291857,
           -0.39586405366503274,
           -0.5250627755754393,
           0.15927059636707144,
           -0.0024175406253001217,
           -0.4415262372391863,
           -0.07391626730889579,
           -0.40116564156729817,
           0.35083869422944597,
           -0.36742292759730705,
           0.5713796770504317,
           0.4055321813759586,
           0.8419238489853552,
           -0.07501484267758013,
           0.8625642938738761,
           -0.40033880693219775,
           0.13507235366863235,
           0.23051229328833928
          ],
          [
           0.09836460353379588,
           0.13223971453512007,
           0.4334117547679117,
           0.9574096286155336,
           1,
           -0.03845438316281117,
           -0.17698958591857675,
           -0.6507878647858582,
           -0.4240945123326604,
           -0.5580448734145723,
           0.17834448942922357,
           0.022964711087457748,
           -0.46760356061720354,
           -0.052597457040699874,
           -0.39739087277231255,
           0.29776116366726507,
           -0.5000609492330447,
           0.4561419879168881,
           0.3867876667766449,
           0.8834760459143338,
           -0.22044696490514626,
           0.8493386434843484,
           -0.42717601366690194,
           -0.03828428976134409,
           0.24559012629060645
          ],
          [
           0.34708732429161576,
           0.617963701233397,
           0.5565860924475272,
           -0.022364667975317783,
           -0.03845438316281117,
           1,
           0.9531184709838694,
           0.09480726248488076,
           0.195036840956501,
           0.1693043034635358,
           0.2490496819706044,
           0.026928065164968335,
           0.06939643421214851,
           0.45625335500216996,
           -0.08778760111817989,
           0.744265592257365,
           0.20960778814672612,
           0.0021572582543378546,
           0.27963067478104037,
           -0.2887978427899215,
           0.49065414601300417,
           -0.2853578949233259,
           0.5995693975295108,
           0.28873585951446606,
           -0.10420604808895485
          ],
          [
           0.27811867861588313,
           0.5758410338212229,
           0.4693281550571851,
           -0.16279416949804948,
           -0.17698958591857675,
           0.9531184709838694,
           1,
           0.2430482796669422,
           0.29600960243139757,
           0.2993055382526666,
           0.17423722495056138,
           0.027909698859607493,
           0.18157009577428795,
           0.4595919180322679,
           0.015583995111971144,
           0.668374591793804,
           0.2896743497983448,
           -0.08550577810999871,
           0.030779924109813405,
           -0.41072696498909184,
           0.5128867905644819,
           -0.4025389859597648,
           0.7148297930773342,
           0.25489095414244034,
           -0.1815275263562367
          ],
          [
           -0.11006531413699606,
           0.07820191269403495,
           -0.21514592187529483,
           -0.6172189522291857,
           -0.6507878647858582,
           0.09480726248488076,
           0.2430482796669422,
           1,
           0.6760374911168845,
           0.8735892034243463,
           -0.387879175469475,
           -0.12883528631825547,
           0.6159971383028006,
           -0.005127496272056394,
           0.4944705485820446,
           -0.05138357196807662,
           0.5614649254062776,
           -0.40382386073575366,
           -0.37363616517336234,
           -0.656707578098777,
           0.34491667318267083,
           -0.6247049821613223,
           0.39815812611347046,
           0.20989095111943007,
           -0.42583658722356843
          ],
          [
           0.04543132570769159,
           0.227993136814549,
           -0.015370455164116973,
           -0.39586405366503274,
           -0.4240945123326604,
           0.195036840956501,
           0.29600960243139757,
           0.6760374911168845,
           1,
           0.9491858470951707,
           -0.23970177854761252,
           -0.13403352034198618,
           0.548364605435951,
           0.11328458310101654,
           0.3281713644391825,
           0.13718226253668092,
           0.4770571253186,
           -0.25007953625576906,
           -0.2503695578370153,
           -0.47470773450302667,
           0.3353863209042106,
           -0.4584557792517446,
           0.31196688996479066,
           0.2448425606186222,
           -0.35170655495121966
          ],
          [
           -0.01700378766917185,
           0.1839781458994332,
           -0.1020402755502539,
           -0.5250627755754393,
           -0.5580448734145723,
           0.1693043034635358,
           0.2993055382526666,
           0.8735892034243463,
           0.9491858470951707,
           1,
           -0.32397432657844055,
           -0.14354802664454816,
           0.6252599479489047,
           0.07262886322250059,
           0.42792926801480163,
           0.06865611165199206,
           0.5548741968695925,
           -0.3362295933683454,
           -0.3247802310061966,
           -0.5940006930620483,
           0.36881990369019263,
           -0.5695987734349808,
           0.37609197023732255,
           0.25135075868020457,
           -0.41364436872271015
          ],
          [
           0.24270697400654262,
           0.2255560573007111,
           0.3334118343196333,
           0.15927059636707144,
           0.17834448942922357,
           0.2490496819706044,
           0.17423722495056138,
           -0.387879175469475,
           -0.23970177854761252,
           -0.32397432657844055,
           1,
           0.30432166057309135,
           -0.33575273099486047,
           0.5774935909381715,
           -0.3094467873455992,
           0.2744273003037825,
           -0.16586422635348605,
           0.10542128460031357,
           0.2032159062596679,
           0.06601701454826267,
           -0.09469077036916704,
           0.04703643673385713,
           -0.06017766760205163,
           -0.08622759471506054,
           0.6018650304261131
          ],
          [
           0.05283953520132328,
           -0.030691101347312625,
           0.020467135637314674,
           -0.0024175406253001217,
           0.022964711087457748,
           0.026928065164968335,
           0.027909698859607493,
           -0.12883528631825547,
           -0.13403352034198618,
           -0.14354802664454816,
           0.30432166057309135,
           1,
           -0.08734794768379278,
           0.1743528160969152,
           -0.024237299468976105,
           -0.015063304234173479,
           -0.10694848375070123,
           -0.010079670042203545,
           -0.026246824311173783,
           0.027442190665260532,
           -0.09436038306028675,
           0.008578518657312975,
           -0.01484570486959142,
           -0.10662492577902889,
           0.19094404023069672
          ],
          [
           -0.05469237493124519,
           0.07033161515812858,
           -0.17110982465689298,
           -0.4415262372391863,
           -0.46760356061720354,
           0.06939643421214851,
           0.18157009577428795,
           0.6159971383028006,
           0.548364605435951,
           0.6252599479489047,
           -0.33575273099486047,
           -0.08734794768379278,
           1,
           -0.017483396412286398,
           0.43135638139123716,
           -0.02573983899760395,
           0.4701457065255995,
           -0.2650055762192236,
           -0.3065312762400403,
           -0.47490615300017963,
           0.30298811836586975,
           -0.4535183948689414,
           0.2971527902484456,
           0.2124096121520383,
           -0.3533757421120554
          ],
          [
           0.13916520169779834,
           0.39889937461959435,
           0.4218411800393351,
           -0.07391626730889579,
           -0.052597457040699874,
           0.45625335500216996,
           0.4595919180322679,
           -0.005127496272056394,
           0.11328458310101654,
           0.07262886322250059,
           0.5774935909381715,
           0.1743528160969152,
           -0.017483396412286398,
           1,
           0.052653124052436225,
           0.41119924194343216,
           0.03169458242474281,
           -0.060256376551531515,
           0.03248908509846118,
           -0.2499902177127704,
           0.04816891549299301,
           -0.2619912059554803,
           0.19700272682700712,
           -0.046725154026599165,
           -0.15044999258744063
          ],
          [
           -0.3861256970875328,
           -0.19596499837707307,
           -0.32557012760740855,
           -0.40116564156729817,
           -0.39739087277231255,
           -0.08778760111817989,
           0.015583995111971144,
           0.4944705485820446,
           0.3281713644391825,
           0.42792926801480163,
           -0.3094467873455992,
           -0.024237299468976105,
           0.43135638139123716,
           0.052653124052436225,
           1,
           -0.2585869089007073,
           0.2139603327896225,
           -0.2701596105745939,
           -0.2918282601923316,
           -0.3346816517061214,
           0.11069744558314124,
           -0.3274915644844432,
           0.25138702105728516,
           -0.0026609572986770517,
           -0.3541092964851649
          ],
          [
           0.4606585739726274,
           0.9572454284402359,
           0.8956871140157864,
           0.35083869422944597,
           0.29776116366726507,
           0.744265592257365,
           0.668374591793804,
           -0.05138357196807662,
           0.13718226253668092,
           0.06865611165199206,
           0.2744273003037825,
           -0.015063304234173479,
           -0.02573983899760395,
           0.41119924194343216,
           -0.2585869089007073,
           1,
           0.2783751115447391,
           0.21224752178570794,
           0.3335564987475258,
           -0.06793876176690357,
           0.39037629916130956,
           -0.055428384719798426,
           0.12785552727222282,
           0.42564413653296657,
           -0.053675543537078284
          ],
          [
           0.2085572308382374,
           0.4060863122748143,
           -0.0688782886222418,
           -0.36742292759730705,
           -0.5000609492330447,
           0.20960778814672612,
           0.2896743497983448,
           0.5614649254062776,
           0.4770571253186,
           0.5548741968695925,
           -0.16586422635348605,
           -0.10694848375070123,
           0.4701457065255995,
           0.03169458242474281,
           0.2139603327896225,
           0.2783751115447391,
           1,
           -0.07048590748654403,
           -0.1629302769251417,
           -0.5670732001001104,
           0.8044324460476007,
           -0.5271963841764256,
           0.3440094920107631,
           0.8175389693004658,
           -0.2477057240611859
          ],
          [
           0.16693132134997005,
           0.12081587679520632,
           0.16853337305761845,
           0.5713796770504317,
           0.4561419879168881,
           0.0021572582543378546,
           -0.08550577810999871,
           -0.40382386073575366,
           -0.25007953625576906,
           -0.3362295933683454,
           0.10542128460031357,
           -0.010079670042203545,
           -0.2650055762192236,
           -0.060256376551531515,
           -0.2701596105745939,
           0.21224752178570794,
           -0.07048590748654403,
           1,
           0.2704899655750999,
           0.4473232212364533,
           0.13752708373326653,
           0.5141404457183221,
           -0.23486737937362442,
           0.27860422203315216,
           0.1499550578903412
          ],
          [
           0.25339241176268174,
           0.21880593576392823,
           0.32117555411995785,
           0.4055321813759586,
           0.3867876667766449,
           0.27963067478104037,
           0.030779924109813405,
           -0.37363616517336234,
           -0.2503695578370153,
           -0.3247802310061966,
           0.2032159062596679,
           -0.026246824311173783,
           -0.3065312762400403,
           0.03248908509846118,
           -0.2918282601923316,
           0.3335564987475258,
           -0.1629302769251417,
           0.2704899655750999,
           1,
           0.3147417305118453,
           0.08563641541700923,
           0.31669568357927363,
           -0.17552263242817584,
           0.2101847467613353,
           0.18830135237913084
          ],
          [
           -0.026854140225153752,
           -0.23051829742673746,
           0.04636544861262473,
           0.8419238489853552,
           0.8834760459143338,
           -0.2887978427899215,
           -0.41072696498909184,
           -0.656707578098777,
           -0.47470773450302667,
           -0.5940006930620483,
           0.06601701454826267,
           0.027442190665260532,
           -0.47490615300017963,
           -0.2499902177127704,
           -0.3346816517061214,
           -0.06793876176690357,
           -0.5670732001001104,
           0.4473232212364533,
           0.3147417305118453,
           1,
           -0.2799585288209143,
           0.9629879425362126,
           -0.48083335588740106,
           -0.08405951709890114,
           0.3020738435043373
          ],
          [
           0.27213868264663205,
           0.3569354957079015,
           -0.02425840125201826,
           -0.07501484267758013,
           -0.22044696490514626,
           0.49065414601300417,
           0.5128867905644819,
           0.34491667318267083,
           0.3353863209042106,
           0.36881990369019263,
           -0.09469077036916704,
           -0.09436038306028675,
           0.30298811836586975,
           0.04816891549299301,
           0.11069744558314124,
           0.39037629916130956,
           0.8044324460476007,
           0.13752708373326653,
           0.08563641541700923,
           -0.2799585288209143,
           1,
           -0.22858396425601218,
           0.6368282221851479,
           0.8963046812852415,
           -0.17439262688025245
          ],
          [
           0.0008182552002869273,
           -0.22108397791917747,
           0.03671306384304162,
           0.8625642938738761,
           0.8493386434843484,
           -0.2853578949233259,
           -0.4025389859597648,
